proj:       1
zone:       36
north:      -1632035.58599935
south:      -1828035.58599789
east:       811692.64449831
west:       584692.64449999
cols:       227
rows:       196
e-w resol:  999.99999999
n-s resol:  999.99999999
format:     0
compressed: 2
