proj:       1
zone:       36
north:      -1632035.586
south:      -1828035.586
east:       811692.6445
west:       584692.6445
cols:       227
rows:       196
e-w resol:  1000
n-s resol:  1000
top:        1.000000000000000
bottom:     0.000000000000000
cols3:      227
rows3:      196
depths:     1
e-w resol3: 1000
n-s resol3: 1000
t-b resol:  1
